-1.3286897453658106
-1.3286897453658106
-1.3286897453658106
-1.3286897453658106
-1.3286897453658106
-1.3286897453658106
-1.3286897453658106
-1.5420271775096912
-1.5420271775096912
-1.828100272353131
-1.828100272353131
-1.828100272353131
-1.828100272353131
-1.828100272353131
-1.828100272353131
-1.828100272353131
-1.828100272353131
-1.9128758752437693
-1.9128758752437693
-1.9128758752437693
-2.089875470627118
-2.089875470627118
-2.6291686733264847
-2.704653914472688
-3.017731795892266
-3.017731795892266
-3.220629506911809
-3.220629506911809
-3.220629506911809
-3.220629506911809
-3.5675307718168314
-3.5675307718168314
-3.5675307718168314
-3.5675307718168314
-3.5675307718168314
-3.5675307718168314
-3.5675307718168314
-3.5675307718168314
-3.5675307718168314
-3.5675307718168314
-3.5675307718168314
-3.5675307718168314
-3.5675307718168314
-3.5675307718168314
-3.5675307718168314
-3.5675307718168314
-3.5675307718168314
-3.5675307718168314
-3.5675307718168314
-3.5675307718168314
-3.5675307718168314
-3.5675307718168314
-3.5675307718168314
-3.5675307718168314
-3.5675307718168314
-3.5675307718168314
-3.5675307718168314
-3.5675307718168314
-3.5675307718168314
-3.5675307718168314
-3.5675307718168314
-3.5675307718168314
-3.5675307718168314
-3.5675307718168314
-3.5675307718168314
-3.5675307718168314
-3.5675307718168314
-3.5675307718168314
-3.5675307718168314
-3.5675307718168314
-3.5675307718168314
-3.5675307718168314
-3.5675307718168314
-3.5675307718168314
-3.5675307718168314
-3.5675307718168314
-3.5675307718168314
-3.5675307718168314
-3.5675307718168314
-3.5675307718168314
-3.5675307718168314
-3.5675307718168314
-3.5675307718168314
-3.5675307718168314
-3.5675307718168314
-3.5675307718168314
-3.5675307718168314
-3.5675307718168314
-3.5675307718168314
-3.5675307718168314
-3.5675307718168314
-3.5675307718168314
-3.5675307718168314
-3.5675307718168314
-3.5675307718168314
-3.5675307718168314
-3.5675307718168314
-3.5675307718168314
-3.5675307718168314
-3.5675307718168314
