-2.8741157823881576
-2.8741157823881576
-3.8335505929790608
-3.8335505929790608
-3.8335505929790608
-3.8335505929790608
-3.8335505929790608
-3.8335505929790608
-4.232436530200661
-4.232436530200661
-4.232436530200661
-4.232436530200661
-4.232436530200661
-4.232436530200661
-4.232436530200661
-4.232436530200661
-5.433701869867231
-5.433701869867231
-5.433701869867231
-5.433701869867231
-5.433701869867231
-5.433701869867231
-5.510088977903148
-5.510088977903148
-5.510088977903148
-5.510088977903148
-5.510088977903148
-5.510088977903148
-5.510088977903148
-5.510088977903148
-5.510088977903148
-5.510088977903148
-5.510088977903148
-5.510088977903148
-5.510088977903148
-5.510088977903148
-5.510088977903148
-5.510088977903148
-5.510088977903148
-5.831473537406387
-5.831473537406387
-5.831473537406387
-5.831473537406387
-5.831473537406387
-5.831473537406387
-5.831473537406387
-5.831473537406387
-5.831473537406387
-5.831473537406387
-5.831473537406387
-5.831473537406387
-5.831473537406387
-5.831473537406387
-5.831473537406387
-5.831473537406387
-5.831473537406387
-5.831473537406387
-5.831473537406387
-5.831473537406387
-5.831473537406387
-5.831473537406387
-5.831473537406387
-6.7281732104028436
-6.7281732104028436
-6.7281732104028436
-6.7281732104028436
-6.7281732104028436
-6.7281732104028436
-6.7281732104028436
-6.7281732104028436
-6.7281732104028436
-6.7281732104028436
-6.7281732104028436
-6.7281732104028436
-6.7281732104028436
-6.7281732104028436
-6.7281732104028436
-6.7281732104028436
-6.7281732104028436
-6.7281732104028436
-6.7281732104028436
-6.7281732104028436
-6.7281732104028436
-6.7281732104028436
-6.7281732104028436
-6.7281732104028436
-6.7281732104028436
-6.7281732104028436
-6.7281732104028436
-6.7281732104028436
-6.7281732104028436
-6.7281732104028436
-6.7281732104028436
-6.7281732104028436
-6.7281732104028436
-6.7281732104028436
-6.7281732104028436
-6.7281732104028436
-6.7281732104028436
-6.7281732104028436
