-3.685788297070765
-3.685788297070765
-3.685788297070765
-5.076309591286501
-5.076309591286501
-5.076309591286501
-5.076309591286501
-5.076309591286501
-5.076309591286501
-6.311798341059382
-6.311798341059382
-6.311798341059382
-6.311798341059382
-6.311798341059382
-6.311798341059382
-6.444256879471321
-6.444256879471321
-6.444256879471321
-6.444256879471321
-6.444256879471321
-6.444256879471321
-6.444256879471321
-6.444256879471321
-6.444256879471321
-6.444256879471321
-6.444256879471321
-6.444256879471321
-6.444256879471321
-6.733680988308758
-6.733680988308758
-6.733680988308758
-6.733680988308758
-6.733680988308758
-6.733680988308758
-6.733680988308758
-6.733680988308758
-6.794503282074281
-6.794503282074281
-6.794503282074281
-6.794503282074281
-7.36578008641758
-7.36578008641758
-7.36578008641758
-7.36578008641758
-7.36578008641758
-7.36578008641758
-7.36578008641758
-7.36578008641758
-7.36578008641758
-7.36578008641758
-7.36578008641758
-7.36578008641758
-7.36578008641758
-7.36578008641758
-7.36578008641758
-7.36578008641758
-7.36578008641758
-7.36578008641758
-7.36578008641758
-7.36578008641758
-7.36578008641758
-7.36578008641758
-7.36578008641758
-7.36578008641758
-7.36578008641758
-7.36578008641758
-7.36578008641758
-7.36578008641758
-7.36578008641758
-7.36578008641758
-7.36578008641758
-7.36578008641758
-7.36578008641758
-7.36578008641758
-7.36578008641758
-7.36578008641758
-7.36578008641758
-7.36578008641758
-7.36578008641758
-7.36578008641758
-7.36578008641758
-7.583009576562922
-7.583009576562922
-7.583009576562922
-7.583009576562922
-7.583009576562922
-7.583009576562922
-7.583009576562922
-7.583009576562922
-7.583009576562922
-7.583009576562922
-7.583009576562922
-7.583009576562922
-7.583009576562922
-7.583009576562922
-7.583009576562922
-7.583009576562922
-7.583009576562922
-7.583009576562922
-7.583009576562922
