-1.935266507603643
-1.935266507603643
-1.935266507603643
-1.935266507603643
-1.935266507603643
-1.935266507603643
-1.935266507603643
-2.0958348572721235
-2.0958348572721235
-2.0958348572721235
-2.0958348572721235
-2.0958348572721235
-2.0958348572721235
-2.0958348572721235
-2.0958348572721235
-2.0958348572721235
-2.4846198573340597
-2.4846198573340597
-2.4846198573340597
-2.4846198573340597
-3.988268172523193
-4.033330810305575
-4.033330810305575
-4.033330810305575
-4.033330810305575
-4.033330810305575
-4.033330810305575
-4.033330810305575
-4.033330810305575
-4.033330810305575
-4.033330810305575
-4.033330810305575
-4.033330810305575
-4.033330810305575
-4.033330810305575
-4.033330810305575
-4.033330810305575
-4.033330810305575
-4.033330810305575
-4.328973603766018
-4.328973603766018
-4.328973603766018
-4.328973603766018
-4.328973603766018
-4.328973603766018
-5.032011166817885
-5.032011166817885
-5.032011166817885
-5.032011166817885
-5.032011166817885
-5.032011166817885
-5.032011166817885
-5.032011166817885
-5.032011166817885
-5.032011166817885
-5.179636046438201
-5.179636046438201
-5.179636046438201
-5.245130471945648
-5.245130471945648
-5.245130471945648
-5.245130471945648
-5.469618336414036
-5.469618336414036
-5.469618336414036
-5.469618336414036
-5.469618336414036
-5.469618336414036
-5.469618336414036
-5.631130427228874
-5.631130427228874
-5.631130427228874
-5.631130427228874
-5.631130427228874
-5.631130427228874
-5.631130427228874
-5.631130427228874
-5.631130427228874
-5.631130427228874
-5.631130427228874
-5.631130427228874
-5.631130427228874
-5.701274100226556
-5.701274100226556
-5.701274100226556
-5.701274100226556
-5.701274100226556
-5.701274100226556
-5.701274100226556
-5.701274100226556
-5.701274100226556
-5.701274100226556
-5.701274100226556
-5.701274100226556
-5.701274100226556
-5.701274100226556
-5.701274100226556
-5.701274100226556
-5.701274100226556
-5.701274100226556
