-1.8190724630082016
-1.8864931412293697
-1.9614401208233072
-2.001640545668338
-2.0516809390122868
-2.2124213945747013
-2.2842750496865527
-2.628786139953207
-2.6663134538599076
-2.709652732839162
-2.7370874982600735
-2.8081802956805397
-2.8312486349920456
-2.886126618860036
-3.0878340630658982
-3.133444625101684
-3.133444625101684
-3.133444625101684
-3.137314549551828
-3.2678329007542266
-3.3139646475689175
-3.3283821764294457
-3.3342290636074643
-3.3401534045643175
-3.431294834692218
-3.484470128840635
-3.53335655756239
-3.534326372642466
-3.5728764610375796
-3.581099379720631
-3.6031070579407647
-3.645532958525414
-3.6491937892647193
-3.6491937892647193
-3.6580968853631326
-3.6929773430612287
-3.7902664351159006
-3.8732693949583292
-3.9154698859594648
-3.946761333803866
-3.946761333803866
-3.946761333803866
-3.9495002684247495
-3.9495002684247495
-3.953241771008422
-3.9803688718272263
-3.981033123625521
-3.99502475161063
-3.99502475161063
-4.075842412113655
-4.075842412113655
-4.099684176591858
-4.099684176591858
-4.135510705079993
-4.136466064602702
-4.136466064602702
-4.136466064602702
-4.136466064602702
-4.192937712109671
-4.192937712109671
-4.197067697845538
-4.199052850327098
-4.326520682831342
-4.350205236156442
-4.376265196083214
-4.376265196083214
-4.387072364821672
-4.387072364821672
-4.431038266254477
-4.444565885428441
-4.539580933853159
-4.539580933853159
-4.539580933853159
-4.5627847284324465
-4.5627847284324465
-4.602437261459295
-4.602437261459295
-4.61179305815824
-4.61179305815824
-4.682326359748156
-4.690414450337224
-4.690414450337224
-4.707933340785339
-4.707933340785339
-4.707933340785339
-4.707933340785339
-4.71803458292209
-4.71803458292209
-4.71803458292209
-4.744623285530524
-4.7550811902672585
-4.7550811902672585
-4.7935426442193245
-4.918572073178554
-4.9306797552831725
-5.004195869951579
-5.026599407792212
-5.026599407792212
-5.0537427937015
-5.0537427937015
