-3.338329477217411
-3.338329477217411
-3.338329477217411
-3.500105315712175
-3.500105315712175
-3.500105315712175
-3.7613859187174454
-3.7613859187174454
-4.207338731434263
-4.207338731434263
-4.207338731434263
-4.207338731434263
-4.207338731434263
-4.207338731434263
-4.207338731434263
-4.207338731434263
-4.207338731434263
-4.207338731434263
-4.207338731434263
-4.207338731434263
-4.207338731434263
-4.207338731434263
-4.207338731434263
-4.207338731434263
-4.207338731434263
-4.5730162958204525
-4.5730162958204525
-4.5730162958204525
-4.5730162958204525
-4.5730162958204525
-4.5730162958204525
-4.5730162958204525
-4.5730162958204525
-4.5730162958204525
-4.5730162958204525
-4.5730162958204525
-4.5730162958204525
-4.5730162958204525
-4.5730162958204525
-4.5730162958204525
-4.668912127826652
-4.668912127826652
-5.217882243961639
-5.217882243961639
-5.217882243961639
-5.217882243961639
-5.217882243961639
-5.870288614285473
-5.870288614285473
-5.870288614285473
-5.870288614285473
-5.870288614285473
-5.870288614285473
-6.012264027264658
-6.012264027264658
-6.012264027264658
-6.149276531512698
-6.149276531512698
-6.149276531512698
-6.149276531512698
-6.149276531512698
-6.149276531512698
-6.149276531512698
-6.149276531512698
-6.149276531512698
-6.149276531512698
-6.149276531512698
-6.149276531512698
-6.149276531512698
-6.361933588117597
-6.361933588117597
-6.361933588117597
-6.361933588117597
-6.361933588117597
-6.361933588117597
-6.361933588117597
-6.361933588117597
-6.361933588117597
-6.361933588117597
-6.361933588117597
-6.361933588117597
-7.128753838792715
-7.128753838792715
-7.128753838792715
-7.128753838792715
-7.128753838792715
-7.128753838792715
-7.128753838792715
-7.128753838792715
-7.128753838792715
-7.128753838792715
-7.128753838792715
-7.128753838792715
-7.128753838792715
-7.128753838792715
-7.128753838792715
-7.128753838792715
-7.128753838792715
-7.128753838792715
-7.128753838792715
