-4.620349264441081
-4.620349264441081
-4.620349264441081
-4.620349264441081
-4.620349264441081
-4.620349264441081
-4.888406118318314
-4.888406118318314
-4.888406118318314
-4.888406118318314
-4.888406118318314
-4.888406118318314
-4.888406118318314
-4.888406118318314
-4.888406118318314
-5.5257791747004585
-5.736024813847211
-5.736024813847211
-5.736024813847211
-5.736024813847211
-5.736024813847211
-5.736024813847211
-5.736024813847211
-5.736024813847211
-5.736024813847211
-6.6665270996574
-6.6665270996574
-6.6665270996574
-6.6665270996574
-6.6665270996574
-6.6665270996574
-6.6665270996574
-6.6665270996574
-6.6665270996574
-6.6665270996574
-6.6665270996574
-6.6665270996574
-7.4729855659620705
-7.6398039990514315
-7.6398039990514315
-7.6398039990514315
-7.6398039990514315
-7.6398039990514315
-7.6398039990514315
-7.6398039990514315
-7.6398039990514315
-7.6398039990514315
-7.6398039990514315
-7.6398039990514315
-7.6398039990514315
-7.6398039990514315
-7.6398039990514315
-7.6398039990514315
-7.6398039990514315
-7.6398039990514315
-7.6398039990514315
-7.6398039990514315
-7.6398039990514315
-7.6398039990514315
-7.6398039990514315
-7.6398039990514315
-7.6398039990514315
-7.6398039990514315
-7.6398039990514315
-7.6398039990514315
-7.6398039990514315
-7.6398039990514315
-7.6398039990514315
-7.6398039990514315
-7.6398039990514315
-7.6398039990514315
-7.6398039990514315
-7.6398039990514315
-7.6398039990514315
-7.6398039990514315
-7.6398039990514315
-7.6398039990514315
-7.6398039990514315
-7.6398039990514315
-7.6398039990514315
-7.6398039990514315
-7.6398039990514315
-7.6398039990514315
-7.6398039990514315
-7.6398039990514315
-7.6398039990514315
-7.6398039990514315
-7.6398039990514315
-7.6398039990514315
-7.6398039990514315
-7.6398039990514315
-7.6398039990514315
-7.6398039990514315
-7.6398039990514315
-7.6398039990514315
-7.6398039990514315
-7.6398039990514315
-7.6398039990514315
-7.6398039990514315
-7.6398039990514315
