-3.092695420265905
-3.092695420265905
-3.092695420265905
-3.7479618159904913
-3.7479618159904913
-3.7479618159904913
-3.89535849564634
-3.89535849564634
-3.89535849564634
-3.89535849564634
-3.89535849564634
-3.89535849564634
-4.027372837904554
-4.027372837904554
-4.027372837904554
-4.2976417025468665
-4.2976417025468665
-4.2976417025468665
-4.2976417025468665
-4.2976417025468665
-4.2976417025468665
-4.416243852135985
-4.416243852135985
-4.416243852135985
-4.416243852135985
-4.416243852135985
-4.416243852135985
-4.416243852135985
-4.560340761533596
-4.560340761533596
-4.560340761533596
-4.560340761533596
-4.560340761533596
-4.560340761533596
-4.560340761533596
-4.560340761533596
-4.560340761533596
-4.560340761533596
-4.560340761533596
-4.560340761533596
-4.560340761533596
-4.560340761533596
-4.560340761533596
-4.560340761533596
-4.560340761533596
-4.560340761533596
-4.560340761533596
-4.560340761533596
-4.560340761533596
-4.560340761533596
-4.921314025184287
-4.921314025184287
-4.921314025184287
-4.921314025184287
-4.921314025184287
-4.921314025184287
-4.921314025184287
-4.921314025184287
-4.921314025184287
-4.921314025184287
-4.921314025184287
-4.921314025184287
-4.921314025184287
-4.921314025184287
-4.921314025184287
-4.921314025184287
-4.921314025184287
-4.921314025184287
-4.921314025184287
-4.921314025184287
-4.921314025184287
-4.921314025184287
-4.921314025184287
-4.921314025184287
-4.921314025184287
-4.921314025184287
-4.921314025184287
-4.921314025184287
-4.92603933645978
-4.92603933645978
-4.935255969340851
-5.064202503827297
-5.064202503827297
-5.064202503827297
-5.064202503827297
-5.064202503827297
-5.064202503827297
-5.064202503827297
-5.064202503827297
-5.064202503827297
-5.064202503827297
-5.239412968049251
-5.239412968049251
-5.239412968049251
-5.239412968049251
-5.239412968049251
-5.239412968049251
-5.239412968049251
-5.239412968049251
-5.239412968049251
