-5.3807640226126745
-5.3807640226126745
-5.3807640226126745
-5.3807640226126745
-5.8858754148747
-5.8858754148747
-5.8858754148747
-5.8858754148747
-5.8858754148747
-5.8858754148747
-5.8858754148747
-5.8858754148747
-5.8858754148747
-5.8858754148747
-5.8858754148747
-5.8858754148747
-5.8858754148747
-5.8858754148747
-5.8858754148747
-5.8858754148747
-5.8858754148747
-5.8858754148747
-5.8858754148747
-5.8858754148747
-5.8858754148747
-5.8858754148747
-5.8858754148747
-5.8858754148747
-5.8858754148747
-5.8858754148747
-5.8858754148747
-5.8858754148747
-5.8858754148747
-5.8858754148747
-5.8858754148747
-5.8858754148747
-5.8858754148747
-5.8858754148747
-5.8858754148747
-5.8858754148747
-5.8858754148747
-5.8858754148747
-5.8858754148747
-5.8858754148747
-5.8858754148747
-5.8858754148747
-5.8858754148747
-5.889520213959443
-5.889520213959443
-5.889520213959443
-5.889520213959443
-5.889520213959443
-5.889520213959443
-5.889520213959443
-5.889520213959443
-5.889520213959443
-5.889520213959443
-5.889520213959443
-5.889520213959443
-5.889520213959443
-5.889520213959443
-5.889520213959443
-5.889520213959443
-5.889520213959443
-5.889520213959443
-5.889520213959443
-5.889520213959443
-6.372858304496749
-6.372858304496749
-6.372858304496749
-6.372858304496749
-6.372858304496749
-6.372858304496749
-6.372858304496749
-6.508945881617804
-6.508945881617804
-6.508945881617804
-6.508945881617804
-6.508945881617804
-6.508945881617804
-6.508945881617804
-6.508945881617804
-6.508945881617804
-6.508945881617804
-6.508945881617804
-6.508945881617804
-6.508945881617804
-6.508945881617804
-6.508945881617804
-7.72669175806867
-7.72669175806867
-7.72669175806867
-7.72669175806867
-7.72669175806867
-7.72669175806867
-7.72669175806867
-7.72669175806867
-7.72669175806867
-7.72669175806867
-7.72669175806867
