-1.0216417940760547
-1.1531394196352711
-1.1531394196352711
-1.1531394196352711
-1.1531394196352711
-1.4237322440027396
-1.4237322440027396
-1.4237322440027396
-1.4701970797626978
-1.6040761117037312
-1.6040761117037312
-2.1327592139641878
-2.1327592139641878
-2.1327592139641878
-2.1327592139641878
-2.2724209354952
-3.0512190600103257
-3.0512190600103257
-3.0512190600103257
-3.0512190600103257
-3.0512190600103257
-3.0512190600103257
-3.0512190600103257
-3.0512190600103257
-3.0512190600103257
-3.0512190600103257
-3.0512190600103257
-3.0512190600103257
-3.0512190600103257
-3.0512190600103257
-3.0512190600103257
-3.0512190600103257
-3.0512190600103257
-3.3088705075457807
-3.3088705075457807
-3.325872968771036
-3.5861583629721916
-3.5861583629721916
-3.843487948988398
-3.843487948988398
-3.843487948988398
-3.843487948988398
-3.843487948988398
-3.843487948988398
-3.843487948988398
-3.843487948988398
-3.843487948988398
-3.843487948988398
-3.843487948988398
-4.263052115290759
-4.263052115290759
-4.263052115290759
-4.263052115290759
-4.263052115290759
-4.263052115290759
-4.263052115290759
-4.263052115290759
-4.263052115290759
-4.263052115290759
-4.263052115290759
-4.263052115290759
-4.263052115290759
-4.466365582460645
-4.466365582460645
-4.466365582460645
-4.466365582460645
-4.466365582460645
-4.466365582460645
-4.466365582460645
-4.466365582460645
-4.466365582460645
-4.466365582460645
-4.466365582460645
-4.466365582460645
-4.466365582460645
-4.466365582460645
-5.0924091166349275
-5.0924091166349275
-5.0924091166349275
-5.0924091166349275
-5.0924091166349275
-5.0924091166349275
-5.0924091166349275
-5.0924091166349275
-5.0924091166349275
-5.0924091166349275
-5.0924091166349275
-5.0924091166349275
-5.0924091166349275
-5.0924091166349275
-5.0924091166349275
-5.0924091166349275
-5.0924091166349275
-5.0924091166349275
-5.0924091166349275
-5.0924091166349275
-5.0924091166349275
-5.0924091166349275
-5.0924091166349275
-5.0924091166349275
