-3.493023192219616
-3.856519283474172
-3.856519283474172
-3.856519283474172
-3.856519283474172
-4.524401601710818
-4.524401601710818
-4.524401601710818
-4.524401601710818
-4.8252584878436755
-4.8252584878436755
-4.8252584878436755
-4.8252584878436755
-4.8252584878436755
-4.8252584878436755
-4.8252584878436755
-4.962185118967673
-4.962185118967673
-4.962185118967673
-4.962185118967673
-4.962185118967673
-4.962185118967673
-4.962185118967673
-4.962185118967673
-4.962185118967673
-4.962185118967673
-4.962185118967673
-4.989432869754804
-5.026521628791189
-5.026521628791189
-5.026521628791189
-5.026521628791189
-5.026521628791189
-5.026521628791189
-5.026521628791189
-5.026521628791189
-5.026521628791189
-5.026521628791189
-5.026521628791189
-5.026521628791189
-5.026521628791189
-5.026521628791189
-5.026521628791189
-5.026521628791189
-5.026521628791189
-5.026521628791189
-5.026521628791189
-5.026521628791189
-5.026521628791189
-5.055525173493976
-5.055525173493976
-5.055525173493976
-5.055525173493976
-5.055525173493976
-5.055525173493976
-5.055525173493976
-5.128596799710501
-5.128596799710501
-5.128596799710501
-5.257726857865148
-5.257726857865148
-5.257726857865148
-5.257726857865148
-5.257726857865148
-5.257726857865148
-5.257726857865148
-5.257726857865148
-5.257726857865148
-5.257726857865148
-5.433307512293134
-5.433307512293134
-5.433307512293134
-5.433307512293134
-5.433307512293134
-5.433307512293134
-5.433307512293134
-5.433307512293134
-5.433307512293134
-5.433307512293134
-5.433307512293134
-5.433307512293134
-5.433307512293134
-5.433307512293134
-5.433307512293134
-5.433307512293134
-5.433307512293134
-5.433307512293134
-5.433307512293134
-5.433307512293134
-5.433307512293134
-5.433307512293134
-5.433307512293134
-5.433307512293134
-5.433307512293134
-5.867447377616113
-5.867447377616113
-5.867447377616113
-6.245905861567454
-6.245905861567454
-6.245905861567454
